[unwrap]
width   = 1280
height  = 400
cent-x  = 0.5
cent-y  = 0.434722222
r-inner = 0.176388889
r-outer = 0.381944444
flipped = 1