[unwrap]
width   = 1280
height  = 400
cent-x  = 0.49375
cent-y  = 0.461111
r-inner = 0.183333
r-outer = 0.408333
flipped = 1
degoffset = -90
