[unwrap]
width   = 1280
height  = 400
cent-x  = 0.5
cent-y  = 0.524414
r-inner = 0.0244141
r-outer = 0.5
flipped = 0