[unwrap]
width   = 1280
height  = 400
cent-x  = 0.454861
cent-y  = 0.204861
r-inner = 0.0868056
r-outer = 0.190972
flipped = 0