[unwrap]
width   = 1280
height  = 400
cent-x  = 0.506944
cent-y  = 0.510417
r-inner = 0
r-outer = 0.541667
