resolution: [1280, 400]
center: [0.506944, 0.510417]
radius:
  inner: 0
  outer: 0.541667
flipped: false
degreeoffset: 0